image_width: 640
image_height: 480
camera_name: head_camera
camera_matrix:
  rows: 3
  cols: 3
  data: [582.837292, 0, 304.431033, 0, 584.256222, 201.658615, 0, 0, 1]
distortion_model: plumb_bob
distortion_coefficients:
  rows: 1
  cols: 5
  data: [-0.472594, 0.206979, -0.000899, -0.000443, 0]
rectification_matrix:
  rows: 3
  cols: 3
  data: [1, 0, 0, 0, 1, 0, 0, 0, 1]
projection_matrix:
  rows: 3
  cols: 4
  data: [484.901764, 0, 297.242082, 0, 0, 527.320007, 193.46659, 0, 0, 0, 1, 0]
