image_width: 640
image_height: 480
camera_name: head_camera
camera_matrix:
  rows: 3
  cols: 3
  data: [553.460479, 0, 318.557004, 0, 553.558485, 244.441116, 0, 0, 1]
distortion_model: plumb_bob
distortion_coefficients:
  rows: 1
  cols: 5
  data: [0.091805, -0.105773, -0.00549, -0.005292, 0]
rectification_matrix:
  rows: 3
  cols: 3
  data: [1, 0, 0, 0, 1, 0, 0, 0, 1]
projection_matrix:
  rows: 3
  cols: 4
  data: [566.718445, 0, 315.214523, 0, 0, 567.708801, 241.869107, 0, 0, 0, 1, 0]
