image_width: 320
image_height: 240
camera_name: head_camera
camera_matrix:
  rows: 3
  cols: 3
  data: [289.718082, 0, 150.658654, 0, 290.357704, 100.008955, 0, 0, 1]
distortion_model: plumb_bob
distortion_coefficients:
  rows: 1
  cols: 5
  data: [-0.486284, 0.235162, -0.000104, 0.000217, 0]
rectification_matrix:
  rows: 3
  cols: 3
  data: [1, 0, 0, 0, 1, 0, 0, 0, 1]
projection_matrix:
  rows: 3
  cols: 4
  data: [240.22702, 0, 146.926149, 0, 0, 261.062592, 95.822703, 0, 0, 0, 1, 0]
