image_width: 640
image_height: 480
camera_name: head_camera
camera_matrix:
  rows: 3
  cols: 3
  data: [504.372489, 0, 330.681619, 0, 505.44116, 245.302954, 0, 0, 1]
distortion_model: plumb_bob
distortion_coefficients:
  rows: 1
  cols: 5
  data: [-0.022222, 0.030405, 0.002248, 0.001672, 0]
rectification_matrix:
  rows: 3
  cols: 3
  data: [1, 0, 0, 0, 1, 0, 0, 0, 1]
projection_matrix:
  rows: 3
  cols: 4
  data: [504.253937, 0, 331.7311, 0, 0, 505.192261, 246.450461, 0, 0, 0, 1, 0]
